12330
18851
37751
3807
1001
38192
47334
57869
49393
40086
1676
33484
4948
53028
24700
9420
39879
38219
2566
13604
32567
7398
22184
18739
30476
8526
47751
9464
23143
64880
54218
56896
7889
14521
37867
52396
55222
37307
38115
16250
54554
22080
53152
25652
31955
10924
16184
42880
11525
25747
56240
32449
33337
10614
63856
43672
57024
61403
22224
6610
11201
62794
51313
1629
64538
51273
4902
36742
55002
36526
21307
65529
4464
61999
2133
10326
64450
48391
3830
47699
21958
50098
63392
42119
63949
50157
26549
37662
58198
56009
18389
47326
54240
59650
11160
44774
37235
10120
17521
28982
3346
7295
57182
54083
32536
41048
55448
16205
51225
37694
8633
46409
23838
59250
60297
6381
21952
17826
22289
62966
26737
5315
20510
30849
48237
59591
10995
50217
40524
44477
34201
21967
43774
42383
7201
41509
9735
63503
19270
40795
10869
44052
53607
62588
41284
55333
53780
43276
38106
34955
